42350767
38693413
35593296
32857279
21398372
20829725
22639778
34387928
22713436
32619594
20853328
22252099
32212398
22076438
33930290
32631866
21957309
31969959
20896814
20079792
20258853
20174491
20075535
20272723
20374089
21520588
20387123
20295318
20604083
20003436
20159948
20319770
20424192
20146983
20086016
20124445
20096051
20059255
19964193
19974654
20207787
20207561
20090967
19950434
20381279
19891169
20158537
19897679
19790327
19823777
20329857
23345464
22787367
20227813
23509319
22107223
19971503
20217017
19784994
19813572
19764874
19913541
19786570
19854509
19768769
20131926
19773842
19818625
20108103
19901979
19910435
20266566
19825189
19868680
19841904
19904639
20292120
20318728
19860357
19959231
20251552
20209140
19921038
20365448
19949874
19974376
19773983
20246307
19797224
20231808
20450748
20183303
20419048
19858669
19953868
19938499
20225478
19895128
20132462
20135656
