44610149
38130987
34829688
33681098
32116807
22150718
33047415
33397112
32680599
22192215
31748938
21989844
33016490
33778903
33955153
33725907
33725309
33488482
33798555
33523530
33477297
33246978
33702270
32471969
22334119
33138577
33210734
32874178
33900406
32525085
22222052
34385377
35278753
34948656
32290008
22030392
32874025
33271577
33987008
35365863
34412094
33753527
33108738
33090922
33173455
33196043
34210434
33690296
33340773
33151998
33013002
33992121
33199742
33272326
34405275
33490991
33348011
33303487
33264099
33396866
33187679
33174227
34080010
34275900
34009300
33474569
33244431
33314552
33029934
33381435
35683871
33152628
32994050
33010769
32927448
33233038
33319089
33021218
33452124
33550612
32918057
33370245
33318626
33206630
31635513
22082764
33775810
33962320
32827033
22585050
33520692
32139959
22720949
32996523
33128633
33514407
32027859
22125982
33066414
33000853
