46252794
42683178
36865538
22714534
22211131
23618224
35038984
32953201
21602436
21241730
20773344
21038490
21002388
20537803
20802929
20547301
20541240
20552466
20518455
20498595
20478434
20837676
20506374
20549051
20436491
20447734
20363985
20616766
20464812
20682835
20565064
20616484
21145795
20928624
20793865
21065153
20623996
21034934
20608842
20654332
20583479
20550446
20518235
20454622
20630607
21088660
20863531
20507172
20451459
20561077
20517997
20605866
20655006
20516976
20586275
20626731
20556250
21407566
20935056
20598984
20594564
20630932
20464867
20376058
20351666
20355551
20331189
20346710
20380358
20693469
20794025
20493026
20397593
20498728
20438439
20401497
20452205
20396283
20421928
21063342
21176414
21004930
20985288
20592907
20557620
20564196
20552518
20493095
20521166
20416372
20547192
20498500
20536874
20780368
20645320
22687122
20650330
20596493
20598037
20603807
