45028701
37539962
22236164
24134896
34815154
22854183
32890129
22323877
34162316
34733549
34124804
34930728
34348868
44207894
38489680
36565992
35649224
34538856
34142496
34051166
34451381
34483697
33960703
33953505
34148844
34125142
34607764
35104398
34325895
34162984
34085534
33878800
34138346
34495456
34524517
34288635
33542942
33748563
33880106
35580487
34853254
33933433
33618747
32472036
32832836
32570917
32469275
32392594
32480148
32474782
34271094
32467123
32334555
32463151
32205956
32324955
32750133
33078123
32556711
32429595
32615296
34176717
34629013
33894277
33899891
33578785
33169167
33439156
33114068
34041379
33226115
33305954
33721531
33312618
33295250
33187294
33115488
33475444
33863633
33827158
33979070
33824902
33479905
34050360
32744231
22178937
31921267
20783334
21018934
20364696
20432411
21890430
31403599
22108908
31821401
22370429
32578922
22231817
32429042
20680315
