66485531
59354970
55199531
34474738
33311921
33161741
32879386
32855987
32892324
33540512
33509795
33775576
34250219
33935148
33676229
33288276
33017628
32814418
33192499
33353118
34552552
33864701
33717790
34173575
33742182
33902222
33276860
33703763
33995256
33138553
33603535
32613656
32949933
33830303
33950886
33927467
33745364
33964171
34552664
33885025
35226857
34439728
34082144
34005777
33372632
33394275
33519771
33484135
33419877
34279430
34094647
33967842
33974663
33348391
35246543
33733210
33284157
33013772
33036436
32529111
33009745
32532986
32623384
33150746
33673481
33216015
33156845
32959720
33882815
35500874
33989265
33871694
33765907
33629646
33541086
33438904
33201186
33024558
32890225
33252280
33002993
32922754
32663537
32601635
32515625
34375559
32869178
32624255
32705757
32922005
33134615
32783142
32817965
32726315
33451834
33017059
33387606
33453559
32989614
32747340
