34602927
29986340
27308512
26539608
29580204
27643166
26342282
26307365
25958254
25861373
25916963
27761473
26910772
26104092
25834464
26321862
26037053
26387006
26854551
26430393
26524978
33226805
29342613
27881898
27027531
27139717
27224473
26822575
26674852
26140416
25892704
26047435
25959038
25803319
25706081
26766291
26717561
26046000
26025564
26370607
26240690
26006550
26050350
25985978
26341109
26344372
26257751
25874424
25973186
25850846
25686982
25787784
25942717
25781770
25723834
25713648
25786356
25910502
26069940
26611788
26201235
26117584
26824221
27136712
26559994
29053259
27631795
26285248
26104794
26145820
27740892
26765314
26211979
26669175
26760408
26545362
26233809
26769038
27039300
26779479
27192894
27355657
27608467
27289173
26463949
26045755
25869578
25769305
25932525
26065640
25790239
25804490
25666106
25843950
25911012
25920305
25932825
25950091
26045506
26280773
