76556897
69358428
62972495
42849547
42124948
41927941
41732760
41287540
41259098
41002466
40996495
42127711
41799461
41589002
41547645
42287890
42483260
43906435
43746416
43371052
43747332
42995583
42784992
42565015
41996851
41827087
41467368
41581686
41429197
41343415
41535942
41734657
41335468
41072001
40235776
40415049
40092226
41889036
42508814
42297167
43966473
43429353
42428494
41814068
41613519
41853678
41355537
41956241
41194841
40883682
40710794
41013233
40941200
40817922
41302117
41110097
41102847
41005513
41046652
42336135
41364937
41268445
41187609
41235461
41471722
42138809
41525000
41767133
41778063
42064202
41339515
41335099
40832940
40739669
40473268
40393182
40747580
41078939
40831785
40471504
40467167
40206876
40140311
40456847
41110151
40498387
40583372
40422977
40468348
40832416
40721314
40645425
40414112
40403570
40361149
40358715
40986692
40756179
40424774
40786528
